76542.766	399989.090
76543.766	399443.460
76544.766	398897.970
76545.766	398352.620
76546.766	397807.410
76547.766	397262.400
76548.766	396717.540
76549.766	396172.760
76550.766	395628.050
76551.766	395083.460
76552.766	394539.000
76553.766	393994.670
76554.766	393450.470
76555.766	392906.400
76556.766	392362.460
76557.766	391818.650
76558.766	391274.960
76559.766	390731.400
76560.766	390187.970
76561.766	389644.670
76562.766	389101.500
76563.766	388558.460
76564.766	388015.560
76565.766	387472.790
76566.766	386930.160
76567.766	386387.670
76568.766	385845.310
76569.766	385303.090
76570.766	384761.010
76571.766	384219.060
76572.766	383677.250
76573.766	383135.580
76574.766	382594.050
76575.766	382052.660
76576.766	381511.430
76577.766	380970.350
76578.766	380429.420
76579.766	379888.650
76580.766	379348.030
76581.766	378807.550
76582.766	378267.210
76583.766	377727.030
76584.766	377187.000
76585.766	376647.120
76586.766	376107.390
76587.766	375567.790
76588.766	375028.340
76589.766	374489.050
76590.766	373949.910
76591.766	373410.940
76592.766	372872.130
76593.766	372333.490
76594.766	371795.020
76595.766	371256.710
76596.766	370718.590
76597.766	370180.620
76598.766	369642.810
76599.766	369105.160
76600.766	368567.680
76601.766	368030.370
76602.766	367493.220
76603.766	366956.260
76604.766	366419.470
76605.766	365882.840
76606.766	365346.380
76607.766	364810.100
76608.766	364273.990
76609.766	363738.070
76610.766	363202.330
76611.766	362666.770
76612.766	362131.380
76613.766	361596.170
76614.766	361061.150
76615.766	360526.300
76616.766	359991.640
76617.766	359457.160
76618.766	358922.870
76619.766	358388.760
76620.766	357854.840
76621.766	357321.100
76622.766	356787.560
76623.766	356254.200
76624.766	355721.030
76625.766	355188.060
76626.766	354655.270
76627.766	354122.680
76628.766	353590.280
76629.766	353058.070
76630.766	352526.070
76631.766	351994.260
76632.766	351462.660
76633.766	350931.250
76634.766	350400.040
76635.766	349869.020
76636.766	349338.210
76637.766	348807.600
76638.766	348277.210
76639.766	347747.010
76640.766	347217.030
76641.766	346687.250
76642.766	346157.670
76643.766	345628.310
76644.766	345099.150
76645.766	344570.200
76646.766	344041.460
76647.766	343512.930
76648.766	342984.620
76649.766	342456.520
76650.766	341928.630
76651.766	341400.960
76652.766	340873.500
76653.766	340346.260
76654.766	339819.230
76655.766	339292.430
76656.766	338765.840
76657.766	338239.480
76658.766	337713.330
76659.766	337187.400
76660.766	336661.700
76661.766	336136.220
76662.766	335610.970
76663.766	335085.940
76664.766	334561.150
76665.766	334036.610
76666.766	333512.290
76667.766	332988.190
76668.766	332464.330
76669.766	331940.720
76670.766	331417.340
76671.766	330894.190
76672.766	330371.270
76673.766	329848.590
76674.766	329326.140
76675.766	328803.940
76676.766	328281.970
76677.766	327760.240
76678.766	327238.760
76679.766	326717.510
76680.766	326196.520
76681.766	325675.760
76682.766	325155.260
76683.766	324635.000
76684.766	324114.990
76685.766	323595.230
76686.766	323075.720
76687.766	322556.470
76688.766	322037.460
76689.766	321518.710
76690.766	321000.220
76691.766	320481.980
76692.766	319964.000
76693.766	319446.280
76694.766	318928.810
76695.766	318411.600
76696.766	317894.660
76697.766	317377.970
76698.766	316861.550
76699.766	316345.380
76700.766	315829.460
76701.766	315313.820
76702.766	314798.450
76703.766	314283.320
76704.766	313768.480
76705.766	313253.890
76706.766	312739.580
76707.766	312225.530
76708.766	311711.750
76709.766	311198.240
76710.766	310685.000
76711.766	310172.040
76712.766	309659.340
76713.766	309146.910
76714.766	308634.780
76715.766	308122.920
76716.766	307611.350
76717.766	307100.050
76718.766	306589.050
76719.766	306078.320
76720.766	305567.890
76721.766	305057.740
76722.766	304547.900
76723.766	304038.360
76724.766	303529.090
76725.766	303020.120
76726.766	302511.440
76727.766	302003.050
76728.766	301494.940
76729.766	300987.130
76730.766	300479.630
76731.766	299972.410
76732.766	299465.480
76733.766	298958.850
76734.766	298452.510
76735.766	297946.460
76736.766	297440.720
76737.766	296935.280
76738.766	296430.150
76739.766	295925.310
76740.766	295420.830
76741.766	294916.660
76742.766	294412.800
76743.766	293909.240
76744.766	293406.000
76745.766	292903.060
76746.766	292400.430
76747.766	291898.110
76748.766	291396.100
76749.766	290894.400
76750.766	290393.010
76751.766	289891.940
76752.766	289391.180
76753.766	288890.740
76754.766	288390.620
76755.766	287890.830
76756.766	287391.330
76757.766	286892.150
76758.766	286393.310
76759.766	285894.790
76760.766	285396.630
76761.766	284898.810
76762.766	284401.320
76763.766	283904.170
76764.766	283407.340
76765.766	282910.850
76766.766	282414.720
76767.766	281918.910
76768.766	281423.420
76769.766	280928.270
76770.766	280433.450
76771.766	279938.970
76772.766	279444.820
76773.766	278951.020
76774.766	278457.560
76775.766	277964.460
76776.766	277471.720
76777.766	276979.330
76778.766	276487.280
76779.766	275995.560
76780.766	275504.190
76781.766	275013.160
76782.766	274522.490
76783.766	274032.170
76784.766	273542.180
76785.766	273052.550
76786.766	272563.310
76787.766	272074.440
76788.766	271585.960
76789.766	271097.850
76790.766	270610.080
76791.766	270122.680
76792.766	269635.610
76793.766	269148.900
76794.766	268662.550
76795.766	268176.560
76796.766	267690.950
76797.766	267205.740
76798.766	266720.930
76799.766	266236.520
76800.766	265752.480
76801.766	265268.800
76802.766	264785.480
76803.766	264302.520
76804.766	263819.920
76805.766	263337.700
76806.766	262855.880
76807.766	262374.460
76808.766	261893.420
76809.766	261412.720
76810.766	260932.340
76811.766	260452.250
76812.766	259972.460
76813.766	259492.950
76814.766	259013.760
76815.766	258534.910
76816.766	258056.410
76817.766	257578.250
76818.766	257100.440
76819.766	256622.940
76820.766	256145.740
76821.766	255668.850
76822.766	255192.250
76823.766	254715.980
76824.766	254240.060
76825.766	253764.490
76826.766	253289.250
76827.766	252814.320
76828.766	252339.670
76829.766	251865.300
76830.766	251391.200
76831.766	250917.430
76832.766	250444.010
76833.766	249970.930
76834.766	249498.170
76835.766	249025.700
76836.766	248553.530
76837.766	248081.660
76838.766	247610.100
76839.766	247138.860
76840.766	246667.940
76841.766	246197.300
76842.766	245726.940
76843.766	245256.880
76844.766	244787.110
76845.766	244317.610
76846.766	243848.390
76847.766	243379.440
76848.766	242910.770
76849.766	242442.360
76850.766	241974.180
76851.766	241506.240
76852.766	241038.560
76853.766	240571.180
76854.766	240104.080
76855.766	239637.200
76856.766	239170.530
76857.766	238704.060
76858.766	238237.830
76859.766	237771.850
76860.766	237306.120
76861.766	236840.610
76862.766	236375.290
76863.766	235910.140
76864.766	235445.200
76865.766	234980.490
76866.766	234515.990
76867.766	234051.660
76868.766	233587.480
76869.766	233123.500
76870.766	232659.730
76871.766	232196.140
76872.766	231732.660
76873.766	231269.310
76874.766	230806.120
76875.766	230343.090
76876.766	229880.180
76877.766	229417.340
76878.766	228954.560
76879.766	228491.890
76880.766	228029.330
76881.766	227566.860
76882.766	227104.440
76883.766	226642.140
76884.766	226179.940
76885.766	225717.780
76886.766	225255.630
76887.766	224793.550
76888.766	224331.560
76889.766	223869.590
76890.766	223407.570
76891.766	222945.510
76892.766	222483.480
76893.766	222021.440
76894.766	221559.310
76895.766	221097.110
76896.766	220634.860
76897.766	220172.530
76898.766	219710.080
76899.766	219247.540
76900.766	218784.860
76901.766	218322.020
76902.766	217859.030
76903.766	217395.860
76904.766	216932.510
76905.766	216469.010
76906.766	216005.320
76907.766	215541.370
76908.766	215077.170
76909.766	214612.730
76910.766	214147.990
76911.766	213682.950
76912.766	213217.580
76913.766	212751.850
76914.766	212285.720
76915.766	211819.150
76916.766	211352.140
76917.766	210884.650
76918.766	210416.610
76919.766	209948.020
76920.766	209478.910
76921.766	209009.240
76922.766	208539.000
76923.766	208068.170
76924.766	207596.750
76925.766	207124.720
76926.766	206652.100
76927.766	206178.830
76928.766	205704.870
76929.766	205230.240
76930.766	204754.910
76931.766	204278.820
76932.766	203801.970
76933.766	203324.320
76934.766	202845.860
76935.766	202366.570
76936.766	201886.380
76937.766	201405.410
76938.766	200923.680
76939.766	200441.050
76940.766	199957.570
76941.766	199473.230
76942.766	198987.880
76943.766	198501.630
76944.766	198014.420
76945.766	197526.120
76946.766	197036.830
76947.766	196546.430
76948.766	196054.870
76949.766	195562.270
76950.766	195068.490
76951.766	194573.550
76952.766	194077.500
76953.766	193580.140
76954.766	193081.590
76955.766	192581.750
76956.766	192080.500
76957.766	191577.980
76958.766	191073.980
76959.766	190568.540
76960.766	190061.600
76961.766	189553.070
76962.766	189043.050
76963.766	188531.350
76964.766	188018.000
76965.766	187502.940
76966.766	186986.060
76967.766	186467.450
76968.766	185946.960
76969.766	185424.640
76970.766	184900.450
76971.766	184374.330
76972.766	183846.280
76973.766	183316.170
76974.766	182784.120
76975.766	182249.930
76976.766	181713.700
76977.766	181175.350
76978.766	180634.880
76979.766	180092.300
76980.766	179547.450
76981.766	179000.420
76982.766	178451.020
76983.766	177899.360
76984.766	177345.290
76985.766	176788.900
76986.766	176229.980
76987.766	175668.570
76988.766	175104.470
76989.766	174537.780
76990.766	173968.360
76991.766	173396.330
76992.766	172821.580
76993.766	172244.180
76994.766	171663.830
76995.766	171080.100
76996.766	170492.940
76997.766	169902.290
76998.766	169308.030
76999.766	168710.080
77000.766	168108.430
77001.766	167503.050
77002.766	166893.870
77003.766	166280.890
77004.766	165663.990
77005.766	165043.210
77006.766	164418.450
77007.766	163789.730
77008.766	163156.880
77009.766	162520.030
77010.766	161879.040
77011.766	161234.050
77012.766	160585.000
77013.766	159932.000
77014.766	159274.990
77015.766	158614.040
77016.766	157949.130
77017.766	157280.260
77018.766	156607.340
77019.766	155930.260
77020.766	155249.040
77021.766	154564.200
77022.766	153876.200
77023.766	153184.930
77024.766	152490.460
77025.766	151792.860
77026.766	151092.090
77027.766	150388.260
77028.766	149681.410
77029.766	148971.590
77030.766	148258.950
77031.766	147543.490
77032.766	146825.190
77033.766	146104.200
77034.766	145380.540
77035.766	144654.320
77036.766	143925.710
77037.766	143194.640
77038.766	142461.200
77039.766	141725.550
77040.766	140987.820
77041.766	140248.060
77042.766	139506.300
77043.766	138762.520
77044.766	138016.790
77045.766	137269.230
77046.766	136519.900
77047.766	135768.760
77048.766	135015.880
77049.766	134261.310
77050.766	133505.100
77051.766	132747.350
77052.766	131988.100
77053.766	131227.480
77054.766	130465.730
77055.766	129702.920
77056.766	128939.100
77057.766	128174.340
77058.766	127408.720
77059.766	126642.310
77060.766	125875.150
77061.766	125107.370
77062.766	124338.930
77063.766	123569.960
77064.766	122800.490
77065.766	122030.660
77066.766	121260.530
77067.766	120490.100
77068.766	119719.500
77069.766	118948.880
77070.766	118178.260
77071.766	117407.590
77072.766	116636.930
77073.766	115866.300
77074.766	115095.650
77075.766	114325.060
77076.766	113554.610
77077.766	112784.430
77078.766	112014.640
77079.766	111245.370
77080.766	110476.750
77081.766	109708.900
77082.766	108941.850
77083.766	108175.580
77084.766	107410.090
77085.766	106646.130
77086.766	105886.240
77087.766	105133.200
77088.766	104388.380
77089.766	103653.060
77090.766	102927.940
77091.766	102212.950
77092.766	101507.240
77093.766	100809.200
77094.766	100116.820
77095.766	99427.389
77096.766	98738.112
77097.766	98047.229
77098.766	97354.298
77099.766	96659.419
77100.766	95962.754
77101.766	95264.804
77102.766	94566.176
77103.766	93867.472
77104.766	93169.205
77105.766	92471.861
77106.766	91775.764
77107.766	91081.450
77108.766	90389.304
77109.766	89699.610
77110.766	89012.487
77111.766	88327.895
77112.766	87645.499
77113.766	86964.803
77114.766	86285.388
77115.766	85607.553
77116.766	84931.100
77117.766	84255.924
77118.766	83581.490
77119.766	82908.290
77120.766	82238.618
77121.766	81572.989
77122.766	80911.301
77123.766	80253.845
77124.766	79600.793
77125.766	78951.856
77126.766	78308.174
77127.766	77671.142
77128.766	77043.938
77129.766	76435.084
77130.766	75840.758
77131.766	75256.679
77132.766	74679.636
77133.766	74107.204
77134.766	73537.505
77135.766	72969.552
77136.766	72402.848
77137.766	71837.013
77138.766	71271.658
77139.766	70706.072
77140.766	70139.514
77141.766	69571.320
77142.766	69001.034
77143.766	68428.274
77144.766	67852.687
77145.766	67273.419
77146.766	66689.478
77147.766	66100.122
77148.766	65504.797
77149.766	64902.818
77150.766	64294.026
77151.766	63678.393
77152.766	63055.909
77153.766	62426.794
77154.766	61791.339
77155.766	61149.930
77156.766	60502.894
77157.766	59850.764
77158.766	59194.139
77159.766	58533.459
77160.766	57869.149
77161.766	57201.685
77162.766	56531.501
77163.766	55859.026
77164.766	55184.730
77165.766	54509.167
77166.766	53832.857
77167.766	53156.268
77168.766	52479.981
77169.766	51804.646
77170.766	51130.787
77171.766	50458.760
77172.766	49788.851
77173.766	49121.330
77174.766	48456.570
77175.766	47794.904
77176.766	47136.634
77177.766	46482.075
77178.766	45831.493
77179.766	45185.078
77180.766	44543.050
77181.766	43905.628
77182.766	43272.976
77183.766	42645.220
77184.766	42022.450
77185.766	41404.789
77186.766	40792.368
77187.766	40185.277
77188.766	39583.580
77189.766	38987.278
77190.766	38396.329
77191.766	37810.718
77192.766	37230.434
77193.766	36655.455
77194.766	36085.790
77195.766	35525.565
77196.766	34976.390
77197.766	34436.810
77198.766	33905.606
77199.766	33381.801
77200.766	32864.594
77201.766	32353.328
77202.766	31847.460
77203.766	31346.540
77204.766	30850.189
77205.766	30358.094
77206.766	29869.983
77207.766	29385.630
77208.766	28904.841
77209.766	28427.445
77210.766	27953.298
77211.766	27482.276
77212.766	27014.270
77213.766	26549.184
77214.766	26086.931
77215.766	25627.437
77216.766	25170.631
77217.766	24716.453
77218.766	24264.844
77219.766	23815.752
77220.766	23369.128
77221.766	23000.000
77221.815	22983.000
77221.864	22967.000
77221.913	22950.000
77221.962	22933.000
77222.011	22917.000
77222.060	22900.000
77222.109	22883.000
77222.158	22867.000
77222.207	22850.000
77222.256	22833.000
77222.305	22817.000
77222.354	22800.000
77222.403	22783.000
77222.452	22767.000
77222.501	22750.000
77222.550	22733.000
77222.599	22717.000
77222.648	22700.000
77222.697	22683.000
77222.746	22667.000
77222.795	22650.000
77222.844	22634.000
77222.893	22617.000
77222.942	22600.000
77222.991	22584.000
77223.040	22567.000
77223.089	22550.000
77223.138	22534.000
77223.187	22517.000
77223.236	22500.000
77223.285	22484.000
77223.334	22467.000
77223.383	22450.000
77223.432	22434.000
77223.481	22417.000
77223.530	22400.000
77223.579	22384.000
77223.628	22367.000
77223.677	22351.000
77223.726	22334.000
77223.775	22317.000
77223.824	22301.000
77223.873	22284.000
77223.922	22267.000
77223.971	22251.000
77224.020	22234.000
77224.069	22218.000
77224.118	22201.000
77224.167	22184.000
77224.216	22168.000
77224.265	22151.000
77224.314	22134.000
77224.363	22118.000
77224.412	22101.000
77224.461	22085.000
77224.510	22068.000
77224.559	22051.000
77224.608	22035.000
77224.657	22018.000
77224.706	22002.000
77224.755	21985.000
77224.804	21968.000
77224.853	21952.000
77224.902	21935.000
77224.951	21919.000
77225.000	21902.000
77225.049	21885.000
77225.098	21869.000
77225.147	21852.000
77225.196	21836.000
77225.245	21819.000
77225.294	21803.000
77225.343	21786.000
77225.392	21769.000
77225.441	21753.000
77225.490	21736.000
77225.539	21720.000
77225.588	21703.000
77225.637	21687.000
77225.686	21670.000
77225.735	21653.000
77225.784	21637.000
77225.833	21620.000
77225.882	21604.000
77225.931	21587.000
77225.980	21571.000
77226.029	21554.000
77226.078	21538.000
77226.127	21521.000
77226.176	21505.000
77226.225	21488.000
77226.274	21472.000
77226.323	21455.000
77226.372	21439.000
77226.421	21422.000
77226.470	21405.000
77226.519	21389.000
77226.568	21372.000
77226.617	21356.000
77226.666	21339.000
77226.715	21323.000
77226.764	21306.000
77226.813	21290.000
77226.862	21273.000
77226.911	21257.000
77226.960	21240.000
77227.009	21223.000
77227.058	21207.000
77227.107	21190.000
77227.156	21173.000
77227.205	21156.000
77227.254	21139.000
77227.303	21122.000
77227.352	21105.000
77227.401	21088.000
77227.431	21077.000
77227.456	21069.000
77227.481	21060.000
77227.516	21048.000
77227.541	21039.000
77227.566	21030.000
77227.593	21021.000
77227.618	21012.000
77227.645	21002.000
77227.673	20993.000
77227.699	20983.000
77227.726	20974.000
77227.753	20964.000
77227.780	20955.000
77227.807	20945.000
77227.834	20936.000
77227.861	20926.000
77227.888	20917.000
77227.915	20907.000
77227.942	20898.000
77227.969	20888.000
77227.996	20879.000
77228.024	20869.000
77228.052	20859.000
77228.080	20849.000
77228.108	20840.000
77228.136	20830.000
77228.164	20820.000
77228.192	20810.000
77228.220	20800.000
77228.248	20790.000
77228.276	20781.000
77228.304	20771.000
77228.332	20761.000
77228.360	20751.000
77228.388	20741.000
77228.416	20732.000
77228.445	20721.000
77228.474	20711.000
77228.503	20701.000
77228.532	20691.000
77228.561	20681.000
77228.590	20671.000
77228.619	20661.000
77228.648	20651.000
77228.677	20641.000
77228.706	20631.000
77228.735	20621.000
77228.764	20611.000
77228.794	20601.000
77228.824	20590.000
77228.854	20580.000
77228.884	20570.000
77228.914	20559.000
77228.944	20549.000
77228.974	20539.000
77229.005	20528.000
77229.053	20512.000
77229.086	20501.000
77229.120	20489.000
77229.161	20476.000
77229.210	20459.000
77229.254	20444.000
77229.295	20430.000
77229.337	20416.000
77229.380	20402.000
77229.424	20387.000
77229.468	20373.000
77229.512	20358.000
77229.556	20343.000
77229.600	20329.000
77229.644	20314.000
77229.689	20300.000
77229.734	20285.000
77229.779	20270.000
77229.825	20255.000
77229.871	20240.000
77229.917	20225.000
77229.963	20210.000
77230.010	20195.000
77230.057	20179.000
77230.104	20164.000
77230.152	20149.000
77230.200	20133.000
77230.248	20118.000
77230.297	20102.000
77230.346	20086.000
77230.395	20071.000
77230.444	20055.000
77230.493	20039.000
77230.542	20024.000
77230.591	20008.000
77230.640	19993.000
77230.689	19977.000
77230.738	19962.000
77230.787	19946.000
77230.836	19931.000
77230.885	19916.000
77230.934	19900.000
77230.983	19885.000
77231.032	19870.000
77231.081	19854.000
77231.130	19839.000
77231.179	19824.000
77231.228	19809.000
77231.277	19794.000
77231.326	19778.000
77231.375	19763.000
77231.424	19748.000
77231.473	19733.000
77231.522	19718.000
77231.571	19703.000
77231.620	19688.000
77231.669	19673.000
77231.718	19658.000
77231.767	19643.000
77231.816	19628.000
77231.865	19613.000
77231.914	19598.000
77231.963	19584.000
77232.013	19569.000
77232.062	19554.000
77232.111	19539.000
77232.160	19524.000
77232.209	19510.000
77232.258	19495.000
77232.307	19480.000
77232.356	19466.000
77232.405	19451.000
77232.454	19436.000
77232.503	19422.000
77232.552	19407.000
77232.601	19392.000
77232.650	19378.000
77232.699	19363.000
77232.748	19349.000
77232.797	19334.000
77232.846	19320.000
77232.895	19305.000
77232.944	19291.000
77232.993	19276.000
77233.042	19262.000
77233.091	19247.000
77233.140	19233.000
77233.189	19219.000
77233.238	19204.000
77233.287	19190.000
77233.336	19175.000
77233.385	19161.000
77233.434	19147.000
77233.483	19133.000
77233.518	19122.000
77233.549	19113.000
77233.579	19105.000
77233.609	19096.000
77233.639	19087.000
77233.669	19078.000
77233.698	19070.000
77233.727	19062.000
77233.756	19053.000
77233.785	19045.000
77233.814	19036.000
77233.843	19028.000
77233.871	19020.000
77233.899	19012.000
77233.927	19004.000
77233.955	18996.000
77233.983	18988.000
77234.011	18980.000
77234.039	18972.000
77234.067	18964.000
77234.095	18956.000
77234.123	18948.000
77234.151	18940.000
77234.179	18932.000
77234.228	18918.000
77234.261	18909.000
77234.294	18899.000
77234.331	18889.000
77234.372	18877.000
77234.412	18866.000
77234.451	18855.000
77234.491	18844.000
77234.531	18833.000
77234.571	18822.000
77234.611	18811.000
77234.651	18800.000
77234.692	18789.000
77234.733	18777.000
77234.774	18766.000
77234.815	18755.000
77234.857	18743.000
77234.899	18732.000
77234.941	18720.000
77234.983	18709.000
77235.026	18697.000
77235.069	18685.000
77235.112	18674.000
77235.156	18662.000
77235.200	18650.000
77235.244	18638.000
77235.288	18626.000
77235.333	18614.000
77235.378	18602.000
77235.423	18590.000
77235.469	18578.000
77235.515	18566.000
77235.561	18554.000
77235.608	18541.000
77235.655	18529.000
77235.703	18516.000
77235.751	18504.000
77235.799	18491.000
77235.848	18478.000
77235.897	18465.000
77235.946	18452.000
77235.995	18440.000
77236.044	18427.000
77236.093	18414.000
77236.142	18401.000
77236.191	18389.000
77236.240	18376.000
77236.289	18363.000
77236.338	18351.000
77236.387	18338.000
77236.436	18326.000
77236.485	18313.000
77236.534	18301.000
77236.583	18288.000
77236.632	18275.000
77236.681	18263.000
77236.730	18251.000
77236.779	18238.000
77236.828	18226.000
77236.877	18213.000
77236.926	18201.000
77236.976	18189.000
77237.025	18176.000
77237.074	18164.000
77237.123	18152.000
77237.172	18139.000
77237.221	18127.000
77237.270	18115.000
77237.319	18102.000
77237.368	18090.000
77237.417	18078.000
77237.466	18066.000
77237.515	18054.000
77237.564	18041.000
77237.613	18029.000
77237.662	18017.000
77237.711	18005.000
77237.760	17993.000
77237.809	17981.000
77237.858	17969.000
77237.907	17957.000
77237.956	17945.000
77238.005	17933.000
77238.054	17920.000
77238.103	17908.000
77238.152	17896.000
77238.201	17884.000
77238.250	17873.000
77238.299	17861.000
77238.348	17849.000
77238.396	17837.000
77238.445	17825.000
77238.494	17813.000
77238.543	17801.000
77238.592	17789.000
77238.641	17777.000
77238.690	17765.000
77238.739	17753.000
77238.788	17742.000
77238.837	17730.000
77238.886	17718.000
77238.935	17706.000
77238.984	17694.000
77239.033	17683.000
77239.082	17671.000
77239.131	17659.000
77239.180	17647.000
77239.229	17636.000
77239.278	17624.000
77239.327	17612.000
77239.376	17600.000
77239.425	17589.000
77239.474	17577.000
77239.523	17565.000
77239.572	17554.000
77239.621	17542.000
77239.670	17530.000
77239.719	17519.000
77239.768	17507.000
77239.817	17495.000
77239.866	17484.000
77239.915	17472.000
77239.964	17460.000
77240.013	17449.000
77240.062	17437.000
77240.111	17426.000
77240.160	17414.000
77240.208	17403.000
77240.257	17391.000
77240.306	17379.000
77240.355	17368.000
77240.404	17356.000
77240.453	17345.000
77240.502	17333.000
77240.551	17322.000
77240.600	17310.000
77240.649	17299.000
77240.698	17287.000
77240.747	17276.000
77240.796	17264.000
77240.845	17253.000
77240.894	17241.000
77240.943	17230.000
77240.992	17219.000
77241.041	17207.000
77241.090	17196.000
77241.139	17184.000
77241.188	17173.000
77241.237	17161.000
77241.286	17150.000
77241.335	17139.000
77241.384	17127.000
77241.433	17116.000
77241.482	17104.000
77241.531	17093.000
77241.580	17082.000
77241.629	17070.000
77241.678	17059.000
77241.727	17048.000
77241.776	17036.000
77241.825	17025.000
77241.874	17014.000
77241.923	17002.000
77241.972	16991.000
77242.020	16980.000
77242.069	16968.000
77242.118	16957.000
77242.167	16946.000
77242.216	16934.000
77242.265	16923.000
77242.314	16912.000
77242.363	16901.000
77242.412	16889.000
77242.461	16878.000
77242.510	16867.000
77242.559	16856.000
77242.608	16844.000
77242.657	16833.000
77242.706	16822.000
77242.755	16811.000
77242.804	16799.000
77242.853	16788.000
77242.902	16777.000
77242.951	16766.000
77243.000	16755.000
77243.049	16743.000
77243.098	16732.000
77243.147	16721.000
77243.196	16710.000
77243.245	16699.000
77243.294	16687.000
77243.343	16676.000
77243.392	16665.000
77243.441	16654.000
77243.490	16643.000
77243.539	16631.000
77243.588	16620.000
77243.637	16609.000
77243.686	16598.000
77243.735	16587.000
77243.784	16576.000
77243.833	16565.000
77243.881	16553.000
77243.930	16542.000
77243.979	16531.000
77244.028	16520.000
77244.077	16509.000
77244.126	16498.000
77244.175	16487.000
77244.224	16476.000
77244.273	16465.000
77244.322	16453.000
77244.371	16442.000
77244.420	16431.000
77244.469	16420.000
77244.518	16409.000
77244.567	16398.000
77244.616	16387.000
77244.665	16376.000
77244.714	16365.000
77244.763	16354.000
77244.812	16343.000
77244.861	16332.000
77244.910	16321.000
77244.959	16310.000
77245.008	16298.000
77245.057	16287.000
77245.106	16276.000
77245.155	16265.000
77245.204	16254.000
77245.253	16243.000
77245.302	16232.000
77245.351	16221.000
77245.400	16210.000
77245.449	16199.000
77245.498	16188.000
77245.547	16177.000
77245.596	16166.000
77245.645	16155.000
77245.693	16144.000
77245.742	16133.000
77245.791	16122.000
77245.840	16111.000
77245.889	16100.000
77245.938	16089.000
77245.987	16078.000
77246.036	16067.000
77246.085	16056.000
77246.134	16045.000
77246.183	16034.000
77246.232	16023.000
77246.281	16012.000
77246.330	16002.000
77246.379	15991.000
77246.428	15980.000
77246.477	15969.000
77246.526	15958.000
77246.575	15947.000
77246.624	15936.000
77246.673	15925.000
77246.722	15914.000
77246.771	15903.000
77246.820	15892.000
77246.869	15881.000
77246.918	15870.000
77246.967	15859.000
77247.016	15848.000
77247.065	15837.000
77247.114	15827.000
77247.163	15816.000
77247.212	15805.000
77247.261	15794.000
77247.310	15783.000
77247.359	15772.000
77247.408	15761.000
77247.457	15750.000
77247.505	15739.000
77247.554	15729.000
77247.603	15718.000
77247.652	15707.000
77247.701	15696.000
77247.750	15685.000
77247.799	15674.000
77247.848	15663.000
77247.897	15652.000
77247.946	15642.000
77247.995	15631.000
77248.044	15620.000
77248.093	15609.000
77248.142	15598.000
77248.191	15587.000
77248.240	15576.000
77248.289	15566.000
77248.338	15555.000
77248.387	15544.000
77248.436	15533.000
77248.485	15522.000
77248.534	15511.000
77248.583	15500.000
77248.632	15490.000
77248.681	15479.000
77248.730	15468.000
77248.779	15457.000
77248.828	15446.000
77248.877	15436.000
77248.926	15425.000
77248.975	15414.000
77249.024	15403.000
77249.073	15392.000
77249.122	15381.000
77249.171	15371.000
77249.220	15360.000
77249.269	15349.000
77249.317	15338.000
77249.366	15328.000
77249.415	15317.000
77249.464	15306.000
77249.513	15295.000
77249.562	15284.000
77249.611	15274.000
77249.660	15263.000
77249.709	15252.000
77249.758	15241.000
77249.807	15230.000
77249.856	15220.000
77249.905	15209.000
77249.954	15198.000
77250.003	15187.000
77250.052	15177.000
77250.101	15166.000
77250.150	15155.000
77250.199	15144.000
77250.248	15134.000
77250.297	15123.000
77250.346	15112.000
77250.395	15101.000
77250.444	15091.000
77250.493	15080.000
77250.542	15069.000
77250.591	15058.000
77250.640	15048.000
77250.689	15037.000
77250.738	15026.000
77250.787	15015.000
77250.836	15005.000
77250.885	14994.000
77250.934	14983.000
77250.983	14973.000
77251.032	14962.000
77251.081	14951.000
77251.129	14940.000
77251.178	14930.000
77251.227	14919.000
77251.276	14908.000
77251.325	14898.000
77251.374	14887.000
77251.423	14876.000
77251.472	14866.000
77251.521	14855.000
77251.570	14844.000
77251.619	14833.000
77251.668	14823.000
77251.717	14812.000
77251.766	14801.000
77251.815	14791.000
77251.864	14780.000
77251.913	14769.000
77251.962	14759.000
77252.011	14748.000
77252.060	14737.000
77252.109	14727.000
77252.158	14716.000
77252.207	14705.000
77252.256	14695.000
77252.305	14684.000
77252.354	14673.000
77252.403	14663.000
77252.452	14652.000
77252.501	14641.000
77252.550	14631.000
77252.599	14620.000
77252.648	14609.000
77252.697	14599.000
77252.746	14588.000
77252.795	14578.000
77252.844	14567.000
77252.893	14556.000
77252.941	14546.000
77252.990	14535.000
77253.039	14524.000
77253.088	14514.000
77253.137	14503.000
77253.186	14492.000
77253.235	14482.000
77253.284	14471.000
77253.333	14461.000
77253.382	14450.000
77253.431	14439.000
77253.480	14429.000
77253.529	14418.000
77253.578	14408.000
77253.627	14397.000
77253.676	14386.000
77253.725	14376.000
77253.774	14365.000
77253.823	14355.000
77253.872	14344.000
77253.921	14333.000
77253.970	14323.000
77254.019	14312.000
77254.068	14302.000
77254.117	14291.000
77254.166	14280.000
77254.215	14270.000
77254.264	14259.000
77254.313	14249.000
77254.362	14238.000
77254.411	14227.000
77254.460	14217.000
77254.509	14206.000
77254.558	14196.000
77254.607	14185.000
77254.656	14175.000
77254.705	14164.000
77254.753	14154.000
77254.802	14143.000
77254.851	14132.000
77254.900	14122.000
77254.949	14111.000
77254.998	14101.000
77255.047	14090.000
77255.096	14080.000
77255.145	14069.000
77255.194	14059.000
77255.243	14048.000
77255.292	14037.000
77255.341	14027.000
77255.390	14016.000
77255.439	14006.000
77255.488	13995.000
77255.537	13985.000
77255.586	13974.000
77255.635	13964.000
77255.684	13953.000
77255.733	13943.000
77255.782	13932.000
77255.831	13922.000
77255.880	13911.000
77255.929	13901.000
77255.978	13890.000
77256.027	13880.000
77256.076	13869.000
77256.125	13859.000
77256.174	13848.000
77256.223	13838.000
77256.272	13827.000
77256.321	13817.000
77256.370	13806.000
77256.419	13796.000
77256.468	13785.000
77256.517	13775.000
77256.566	13764.000
77256.614	13754.000
77256.663	13743.000
77256.712	13733.000
77256.761	13722.000
77256.810	13712.000
77256.859	13701.000
77256.908	13691.000
77256.957	13680.000
77257.006	13670.000
77257.055	13659.000
77257.104	13649.000
77257.153	13638.000
77257.202	13628.000
77257.251	13617.000
77257.300	13607.000
77257.349	13597.000
77257.398	13586.000
77257.447	13576.000
77257.496	13565.000
77257.545	13555.000
77257.594	13544.000
77257.643	13534.000
77257.692	13523.000
77257.741	13513.000
77257.790	13502.000
77257.839	13492.000
77257.888	13482.000
77257.937	13471.000
77257.986	13461.000
77258.035	13450.000
77258.084	13440.000
77258.133	13429.000
77258.182	13419.000
77258.231	13409.000
77258.280	13398.000
77258.329	13388.000
77258.378	13377.000
77258.426	13367.000
77258.475	13356.000
77258.524	13346.000
77258.573	13336.000
77258.622	13325.000
77258.671	13315.000
77258.720	13304.000
77258.769	13294.000
77258.818	13284.000
77258.867	13273.000
77258.916	13263.000
77258.965	13252.000
77259.014	13242.000
77259.063	13232.000
77259.112	13221.000
77259.161	13211.000
77259.210	13200.000
77259.259	13190.000
77259.308	13180.000
77259.357	13169.000
77259.406	13159.000
77259.455	13148.000
77259.504	13138.000
77259.553	13128.000
77259.602	13117.000
77259.651	13107.000
77259.700	13097.000
77259.749	13086.000
77259.798	13076.000
77259.847	13065.000
77259.896	13055.000
77259.945	13045.000
77259.994	13034.000
77260.043	13024.000
77260.092	13014.000
77260.141	13003.000
77260.190	12993.000
77260.238	12983.000
77260.287	12972.000
77260.336	12962.000
77260.385	12952.000
77260.434	12941.000
77260.483	12931.000
77260.532	12920.000
77260.581	12910.000
77260.630	12900.000
77260.679	12889.000
77260.728	12879.000
77260.777	12869.000
77260.826	12858.000
77260.875	12848.000
77260.924	12838.000
77260.973	12827.000
77261.022	12817.000
77261.071	12807.000
77261.120	12796.000
77261.169	12786.000
77261.218	12776.000
77261.267	12766.000
77261.316	12755.000
77261.365	12745.000
77261.414	12735.000
77261.463	12724.000
77261.512	12714.000
77261.561	12704.000
77261.610	12693.000
77261.659	12683.000
77261.708	12673.000
77261.757	12662.000
77261.806	12652.000
77261.855	12642.000
77261.904	12632.000
77261.953	12621.000
77262.002	12611.000
77262.050	12601.000
77262.099	12590.000
77262.148	12580.000
77262.197	12570.000
77262.246	12560.000
77262.295	12549.000
77262.344	12539.000
77262.393	12529.000
77262.442	12518.000
77262.491	12508.000
77262.540	12498.000
77262.589	12488.000
77262.638	12477.000
77262.687	12467.000
77262.736	12457.000
77262.785	12447.000
77262.834	12436.000
77262.883	12426.000
77262.932	12416.000
77262.981	12406.000
77263.030	12395.000
77263.079	12385.000
77263.128	12375.000
77263.177	12365.000
77263.226	12354.000
77263.275	12344.000
77263.324	12334.000
77263.373	12324.000
77263.422	12313.000
77263.471	12303.000
77263.520	12293.000
77263.569	12283.000
77263.618	12272.000
77263.667	12262.000
77263.716	12252.000
77263.765	12242.000
77263.814	12232.000
77263.862	12221.000
77263.911	12211.000
77263.960	12201.000
77264.009	12191.000
77264.058	12180.000
77264.107	12170.000
77264.156	12160.000
77264.205	12150.000
77264.254	12140.000
77264.303	12129.000
77264.352	12119.000
77264.401	12109.000
77264.450	12099.000
77264.499	12089.000
77264.548	12078.000
77264.597	12068.000
77264.646	12058.000
77264.695	12048.000
77264.744	12038.000
77264.793	12027.000
77264.842	12017.000
77264.891	12007.000
77264.940	11997.000
77264.989	11987.000
77265.038	11976.000
77265.087	11966.000
77265.136	11956.000
77265.185	11946.000
77265.234	11936.000
77265.283	11926.000
77265.332	11915.000
77265.381	11905.000
77265.430	11895.000
77265.479	11885.000
77265.528	11875.000
77265.577	11865.000
77265.626	11854.000
77265.674	11844.000
77265.723	11834.000
77265.772	11824.000
77265.821	11814.000
77265.870	11804.000
77265.919	11793.000
77265.968	11783.000
77266.017	11773.000
77266.066	11763.000
77266.115	11753.000
77266.164	11743.000
77266.213	11733.000
77266.262	11722.000
77266.311	11712.000
77266.360	11702.000
77266.409	11692.000
77266.458	11682.000
77266.507	11672.000
77266.556	11662.000
77266.605	11651.000
77266.654	11641.000
77266.703	11631.000
77266.752	11621.000
77266.801	11611.000
77266.850	11601.000
77266.899	11591.000
77266.948	11581.000
77266.997	11570.000
77267.046	11560.000
77267.095	11550.000
77267.144	11540.000
77267.193	11530.000
77267.242	11520.000
77267.291	11510.000
77267.340	11500.000
77267.389	11490.000
77267.438	11480.000
77267.487	11469.000
77267.535	11459.000
77267.584	11449.000
77267.633	11439.000
77267.682	11429.000
77267.731	11419.000
77267.780	11409.000
77267.829	11399.000
77267.878	11389.000
77267.927	11379.000
77267.976	11369.000
77268.025	11358.000
77268.074	11348.000
77268.123	11338.000
77268.172	11328.000
77268.221	11318.000
77268.270	11308.000
77268.319	11298.000
77268.368	11288.000
77268.417	11278.000
77268.466	11268.000
77268.515	11258.000
77268.564	11248.000
77268.613	11238.000
77268.662	11228.000
77268.711	11217.000
77268.760	11207.000
77268.809	11197.000
77268.858	11187.000
77268.907	11177.000
77268.956	11167.000
77269.005	11157.000
77269.054	11147.000
77269.103	11137.000
77269.152	11127.000
77269.201	11117.000
77269.250	11107.000
77269.299	11097.000
77269.347	11087.000
77269.396	11077.000
77269.445	11067.000
77269.494	11057.000
77269.543	11047.000
77269.592	11037.000
77269.641	11027.000
77269.690	11017.000
77269.739	11007.000
77269.788	10997.000
77269.837	10987.000
77269.886	10977.000
77269.935	10967.000
77269.984	10957.000
77270.033	10947.000
77270.082	10937.000
77270.131	10927.000
77270.180	10917.000
77270.229	10907.000
77270.278	10897.000
77270.327	10887.000
77270.376	10877.000
77270.425	10867.000
77270.474	10857.000
77270.523	10847.000
77270.572	10837.000
77270.621	10827.000
77270.670	10817.000
77270.719	10807.000
77270.768	10797.000
77270.817	10787.000
77270.866	10777.000
77270.915	10767.000
77270.964	10757.000
77271.013	10747.000
77271.062	10737.000
77271.111	10727.000
77271.159	10717.000
77271.208	10707.000
77271.257	10697.000
77271.306	10687.000
77271.355	10677.000
77271.404	10667.000
77271.453	10657.000
77271.502	10647.000
77271.551	10637.000
77271.600	10627.000
77271.649	10617.000
77271.698	10607.000
77271.747	10597.000
77271.796	10587.000
77271.845	10577.000
77271.894	10567.000
77271.943	10557.000
77271.992	10547.000
77272.041	10537.000
77272.090	10527.000
77272.139	10518.000
77272.188	10508.000
77272.237	10498.000
77272.286	10488.000
77272.335	10478.000
77272.384	10468.000
77272.433	10458.000
77272.482	10448.000
77272.531	10438.000
77272.580	10428.000
77272.629	10418.000
77272.678	10408.000
77272.727	10398.000
77272.776	10388.000
77272.825	10378.000
77272.874	10369.000
77272.923	10359.000
77272.971	10349.000
77273.020	10339.000
77273.069	10329.000
77273.118	10319.000
77273.167	10309.000
77273.216	10299.000
77273.265	10289.000
77273.314	10279.000
77273.363	10269.000
77273.412	10260.000
77273.461	10250.000
77273.510	10240.000
77273.559	10230.000
77273.608	10220.000
77273.657	10210.000
77273.706	10200.000
77273.755	10190.000
77273.804	10180.000
77273.853	10170.000
77273.902	10161.000
77273.951	10151.000
77274.000	10141.000
77274.049	10131.000
77274.098	10121.000
77274.147	10111.000
77274.196	10101.000
77274.245	10091.000
77274.294	10082.000
77274.343	10072.000
77274.392	10062.000
77274.441	10052.000
77274.490	10042.000
77274.539	10032.000
77274.588	10022.000
77274.637	10012.000
77274.686	10003.000
77274.766	10000.000
77274.815	9990.000
77274.864	9980.000
77274.913	9971.000
77274.962	9961.000
77275.011	9951.000
77275.060	9942.000
77275.109	9932.000
77275.158	9922.000
77275.207	9912.000
77275.256	9903.000
77275.305	9893.000
77275.354	9884.000
77275.403	9874.000
77275.452	9864.000
77275.501	9855.000
77275.550	9845.000
77275.599	9836.000
77275.648	9826.000
77275.697	9817.000
77275.746	9807.000
77275.795	9798.000
77275.844	9788.000
77275.893	9779.000
77275.942	9769.000
77275.991	9760.000
77276.040	9750.000
77276.089	9741.000
77276.138	9732.000
77276.187	9722.000
77276.236	9713.000
77276.285	9703.000
77276.334	9694.000
77276.383	9685.000
77276.432	9675.000
77276.481	9666.000
77276.530	9657.000
77276.579	9647.000
77276.628	9638.000
77276.677	9629.000
77276.726	9620.000
77276.775	9610.000
77276.824	9601.000
77276.873	9592.000
77276.922	9582.000
77276.971	9573.000
77277.020	9564.000
77277.069	9555.000
77277.118	9546.000
77277.167	9536.000
77277.216	9527.000
77277.265	9518.000
77277.314	9509.000
77277.363	9500.000
77277.412	9490.000
77277.461	9481.000
77277.510	9472.000
77277.559	9463.000
77277.608	9454.000
77277.657	9445.000
77277.706	9436.000
77277.755	9426.000
77277.804	9417.000
77277.853	9408.000
77277.902	9399.000
77277.951	9390.000
77278.000	9380.000
77278.049	9371.000
77278.098	9361.000
77278.147	9352.000
77278.196	9342.000
77278.245	9333.000
77278.294	9323.000
77278.343	9314.000
77278.392	9304.000
77278.441	9294.000
77278.490	9284.000
77278.539	9274.000
77278.588	9265.000
77278.637	9255.000
77278.686	9245.000
77278.735	9235.000
77278.784	9224.000
77278.833	9214.000
77278.882	9204.000
77278.931	9194.000
77278.980	9184.000
77279.029	9173.000
77279.078	9163.000
77279.127	9153.000
77279.176	9142.000
77279.225	9132.000
77279.274	9121.000
77279.323	9111.000
77279.372	9100.000
77279.421	9090.000
77279.470	9079.000
77279.519	9069.000
77279.568	9058.000
77279.617	9047.000
77279.666	9036.000
77279.715	9026.000
77279.764	9015.000
77279.813	9004.000
77279.862	8993.000
77279.911	8982.000
77279.960	8972.000
77280.009	8961.000
77280.058	8950.000
77280.107	8939.000
77280.144	8930.000
77280.169	8925.000
77280.194	8919.000
77280.219	8913.000
77280.245	8908.000
77280.270	8902.000
77280.295	8897.000
77280.320	8891.000
77280.345	8886.000
77280.373	8879.000
77280.398	8874.000
77280.423	8868.000
77280.448	8863.000
77280.473	8857.000
77280.498	8852.000
77280.523	8847.000
77280.553	8840.000
77280.579	8835.000
77280.604	8829.000
77280.629	8824.000
77280.654	8819.000
77280.679	8814.000
77280.705	8808.000
77280.731	8803.000
77280.760	8797.000
77280.786	8792.000
77280.812	8787.000
77280.837	8781.000
77280.862	8776.000
77280.887	8771.000
77280.912	8766.000
77280.938	8761.000
77280.964	8756.000
77280.990	8751.000
77281.017	8746.000
77281.051	8739.000
77281.078	8734.000
77281.104	8729.000
77281.130	8725.000
77281.156	8720.000
77281.182	8715.000
77281.208	8710.000
77281.234	8705.000
77281.260	8701.000
77281.286	8696.000
77281.312	8691.000
77281.338	8687.000
77281.365	8682.000
77281.392	8677.000
77281.421	8672.000
77281.470	8664.000
77281.507	8657.000
77281.540	8652.000
77281.573	8646.000
77281.613	8639.000
77281.656	8632.000
77281.687	8627.000
77281.716	8622.000
77281.744	8617.000
77281.771	8613.000
77281.798	8609.000
77281.825	8604.000
77281.852	8600.000
77281.879	8596.000
77281.906	8591.000
77281.933	8587.000
77281.960	8583.000
77281.987	8579.000
77282.015	8574.000
77282.043	8570.000
77282.072	8565.000
77282.104	8560.000
77282.153	8553.000
77282.202	8545.000
77282.251	8538.000
77282.300	8531.000
77282.340	8525.000
77282.373	8520.000
77282.404	8515.000
77282.433	8511.000
77282.462	8507.000
77282.490	8502.000
77282.518	8498.000
77282.546	8494.000
77282.574	8490.000
77282.602	8486.000
77282.630	8482.000
77282.659	8478.000
77282.689	8474.000
77282.720	8469.000
77282.753	8465.000
77282.791	8459.000
77282.840	8452.000
77282.889	8446.000
77282.938	8439.000
77282.987	8432.000
77283.027	8427.000
77283.062	8422.000
77283.095	8417.000
77283.126	8413.000
77283.157	8409.000
77283.187	8405.000
77283.217	8401.000
77283.247	8397.000
77283.277	8393.000
77283.308	8388.000
77283.340	8384.000
77283.373	8380.000
77283.408	8375.000
77283.448	8370.000
77283.497	8363.000
77283.546	8357.000
77283.595	8351.000
77283.644	8344.000
77283.692	8338.000
77283.733	8333.000
77283.770	8328.000
77283.805	8323.000
77283.839	8319.000
77283.873	8315.000
77283.906	8310.000
77283.940	8306.000
77283.974	8302.000
77284.010	8297.000
77284.048	8292.000
77284.090	8287.000
77284.139	8281.000
77284.188	8275.000
77284.237	8268.000
77284.286	8262.000
77284.335	8256.000
77284.384	8250.000
77284.429	8245.000
77284.470	8239.000
77284.509	8235.000
77284.548	8230.000
77284.586	8225.000
77284.625	8220.000
77284.665	8215.000
77284.708	8210.000
77284.756	8204.000
77284.805	8198.000
77284.854	8192.000
77284.903	8186.000
77284.952	8181.000
77285.002	8175.000
77285.051	8169.000
77285.100	8163.000
77285.149	8157.000
77285.196	8151.000
77285.242	8146.000
77285.288	8140.000
77285.336	8135.000
77285.385	8129.000
77285.434	8123.000
77285.483	8117.000
77285.532	8111.000
77285.581	8105.000
77285.630	8100.000
77285.679	8094.000
77285.728	8088.000
77285.777	8082.000
77285.826	8077.000
77285.875	8071.000
77285.924	8065.000
77285.973	8059.000
77286.022	8054.000
77286.071	8048.000
77286.120	8042.000
77286.169	8037.000
77286.203	8033.000
77286.232	8029.000
77286.259	8026.000
77286.286	8023.000
77286.312	8020.000
77286.338	8017.000
77286.364	8014.000
77286.390	8011.000
77286.416	8008.000
77286.442	8005.000
77286.468	8002.000
77286.494	7999.000
77286.520	7996.000
77286.546	7993.000
77286.572	7990.000
77286.598	7987.000
77286.624	7985.000
77286.650	7982.000
77286.676	7979.000
77286.702	7976.000
77286.729	7973.000
77286.757	7970.000
77286.806	7965.000
77286.836	7962.000
77286.864	7959.000
77286.891	7957.000
77286.918	7954.000
77286.945	7951.000
77286.971	7949.000
77286.997	7946.000
77287.023	7944.000
77287.049	7941.000
77287.075	7939.000
77287.101	7936.000
77287.127	7934.000
77287.154	7931.000
77287.181	7929.000
77287.208	7926.000
77287.235	7924.000
77287.263	7921.000
77287.291	7919.000
77287.320	7916.000
77287.351	7914.000
77287.387	7910.000
77287.436	7906.000
77287.486	7902.000
77287.530	7898.000
77287.575	7894.000
77287.624	7890.000
77287.673	7886.000
77287.713	7883.000
77287.747	7880.000
77287.778	7878.000
77287.808	7875.000
77287.837	7873.000
77287.865	7871.000
77287.893	7869.000
77287.921	7866.000
77287.949	7864.000
77287.977	7862.000
77288.004	7860.000
77288.031	7858.000
77288.058	7856.000
77288.085	7854.000
77288.113	7852.000
77288.141	7850.000
77288.169	7848.000
77288.197	7845.000
77288.226	7843.000
77288.255	7841.000
77288.285	7839.000
77288.317	7837.000
77288.354	7834.000
77288.403	7830.000
77288.451	7827.000
77288.489	7824.000
77288.524	7822.000
77288.557	7819.000
77288.590	7817.000
77288.623	7815.000
77288.657	7812.000
77288.693	7810.000
77288.737	7807.000
77288.786	7803.000
77288.832	7800.000
77288.868	7798.000
77288.901	7795.000
77288.932	7793.000
77288.962	7791.000
77288.992	7789.000
77289.021	7787.000
77289.050	7785.000
77289.079	7783.000
77289.108	7781.000
77289.137	7779.000
77289.166	7778.000
77289.195	7776.000
77289.225	7774.000
77289.255	7772.000
77289.286	7770.000
77289.319	7767.000
77289.355	7765.000
77289.404	7762.000
77289.453	7759.000
77289.496	7756.000
77289.533	7754.000
77289.568	7751.000
77289.602	7749.000
77289.635	7747.000
77289.668	7745.000
77289.702	7743.000
77289.737	7740.000
77289.775	7738.000
77289.821	7735.000
77289.870	7732.000
77289.919	7729.000
77289.964	7726.000
77290.002	7724.000
77290.037	7722.000
77290.070	7720.000
77290.102	7718.000
77290.134	7716.000
77290.166	7714.000
77290.198	7712.000
77290.230	7710.000
77290.262	7708.000
77290.295	7706.000
77290.329	7704.000
77290.365	7701.000
77290.405	7699.000
77290.454	7696.000
77290.503	7693.000
77290.552	7690.000
77290.596	7687.000
77290.636	7685.000
77290.674	7682.000
77290.711	7680.000
77290.748	7678.000
77290.786	7676.000
77290.826	7673.000
77290.872	7670.000
77290.921	7667.000
77290.970	7665.000
77291.019	7662.000
77291.062	7659.000
77291.100	7657.000
77291.136	7655.000
77291.171	7653.000
77291.205	7650.000
77291.239	7648.000
77291.273	7646.000
77291.308	7644.000
77291.344	7642.000
77291.380	7640.000
77291.421	7638.000
77291.470	7635.000
77291.519	7632.000
77291.568	7629.000
77291.617	7626.000
77291.662	7623.000
77291.703	7621.000
77291.743	7619.000
77291.782	7616.000
77291.822	7614.000
77291.864	7611.000
77291.911	7609.000
77291.960	7606.000
77292.009	7603.000
77292.058	7600.000
77292.107	7597.000
77292.151	7595.000
77292.191	7592.000
77292.230	7590.000
77292.269	7588.000
77292.309	7585.000
77292.354	7583.000
77292.403	7580.000
77292.452	7577.000
77292.499	7574.000
77292.537	7572.000
77292.571	7570.000
77292.604	7568.000
77292.635	7567.000
77292.666	7565.000
77292.696	7563.000
77292.726	7561.000
77292.756	7560.000
77292.785	7558.000
77292.814	7556.000
77292.843	7555.000
77292.873	7553.000
77292.903	7551.000
77292.933	7549.000
77292.963	7548.000
77292.994	7546.000
77293.026	7544.000
77293.059	7542.000
77293.094	7540.000
77293.133	7538.000
77293.182	7536.000
77293.230	7533.000
77293.279	7530.000
77293.328	7527.000
77293.377	7525.000
77293.426	7522.000
77293.475	7520.000
77293.524	7517.000
77293.573	7514.000
77293.620	7512.000
77293.661	7510.000
77293.698	7508.000
77293.734	7506.000
77293.768	7504.000
77293.802	7503.000
77293.835	7501.000
77293.868	7499.000
77293.901	7498.000
77293.934	7496.000
77293.968	7494.000
77294.003	7493.000
77294.039	7491.000
77294.078	7489.000
77294.122	7487.000
77294.171	7484.000
77294.220	7482.000
77294.269	7480.000
77294.317	7478.000
77294.359	7476.000
77294.398	7474.000
77294.436	7472.000
77294.473	7470.000
77294.510	7469.000
77294.548	7467.000
77294.587	7465.000
77294.628	7464.000
77294.673	7462.000
77294.722	7460.000
77294.771	7457.000
77294.820	7455.000
77294.869	7453.000
77294.918	7451.000
77294.967	7449.000
77295.016	7447.000
77295.064	7445.000
77295.113	7443.000
77295.162	7441.000
77295.211	7440.000
77295.260	7438.000
77295.309	7436.000
77295.358	7434.000
77295.405	7432.000
77295.447	7431.000
77295.487	7429.000
77295.525	7428.000
77295.562	7426.000
77295.599	7425.000
77295.636	7424.000
77295.673	7422.000
77295.710	7421.000
77295.748	7420.000
77295.787	7418.000
77295.828	7417.000
77295.872	7416.000
77295.921	7414.000
77295.970	7412.000
77296.019	7411.000
77296.068	7409.000
77296.117	7407.000
77296.166	7406.000
77296.215	7404.000
77296.264	7403.000
77296.313	7401.000
77296.362	7400.000
77296.411	7398.000
77296.460	7397.000
77296.509	7395.000
77296.558	7394.000
77296.607	7392.000
77296.652	7391.000
77296.695	7390.000
77296.736	7388.000
77296.776	7387.000
77296.816	7386.000
77296.855	7385.000
77296.895	7384.000
77296.936	7383.000
77296.978	7381.000
77297.022	7380.000
77297.070	7379.000
77297.119	7378.000
77297.168	7376.000
77297.217	7375.000
77297.266	7374.000
77297.315	7372.000
77297.364	7371.000
77297.411	7370.000
77297.456	7369.000
77297.499	7368.000
77297.541	7366.000
77297.582	7365.000
77297.622	7364.000
77297.662	7363.000
77297.701	7362.000
77297.740	7361.000
77297.780	7360.000
77297.821	7359.000
77297.863	7358.000
77297.906	7357.000
77297.952	7356.000
77298.001	7355.000
77298.050	7354.000
77298.099	7352.000
77298.148	7351.000
77298.197	7350.000
77298.246	7349.000
77298.295	7348.000
77298.344	7346.000
77298.393	7345.000
77298.442	7344.000
77298.491	7343.000
77298.540	7342.000
77298.589	7341.000
77298.638	7339.000
77298.686	7338.000
77298.735	7337.000
77298.784	7336.000
77298.833	7335.000
77298.882	7333.000
77298.931	7332.000
77298.980	7331.000
77299.029	7330.000
77299.078	7329.000
77299.127	7328.000
77299.176	7327.000
77299.225	7325.000
77299.274	7324.000
77299.323	7323.000
77299.372	7322.000
77299.421	7321.000
77299.470	7320.000
77299.519	7318.000
77299.568	7317.000
77299.617	7316.000
77299.666	7315.000
77299.715	7314.000
77299.764	7313.000
77299.813	7312.000
77299.862	7310.000
77299.911	7309.000
77299.960	7308.000
77300.009	7307.000
77300.058	7306.000
77300.107	7305.000
77300.156	7304.000
77300.205	7302.000
77300.254	7301.000
77300.303	7300.000
77300.352	7299.000
77300.401	7298.000
77300.450	7297.000
77300.498	7296.000
77300.547	7294.000
77300.596	7293.000
77300.645	7292.000
77300.694	7291.000
77300.743	7290.000
77300.792	7289.000
77300.841	7288.000
77300.890	7286.000
77300.939	7285.000
77300.988	7284.000
77301.037	7283.000
77301.086	7282.000
77301.135	7281.000
77301.184	7280.000
77301.233	7278.000
77301.282	7277.000
77301.331	7276.000
77301.380	7275.000
77301.429	7274.000
77301.478	7273.000
77301.527	7272.000
77301.576	7271.000
77301.625	7269.000
77301.674	7268.000
77301.723	7267.000
77301.772	7266.000
77301.821	7265.000
77301.870	7264.000
77301.919	7263.000
77301.968	7261.000
77302.017	7260.000
77302.066	7259.000
77302.115	7258.000
77302.164	7257.000
77302.213	7256.000
77302.262	7255.000
77302.310	7254.000
77302.359	7252.000
77302.408	7251.000
77302.457	7250.000
77302.506	7249.000
77302.555	7248.000
77302.604	7247.000
77302.653	7246.000
77302.702	7244.000
77302.751	7243.000
77302.800	7242.000
77302.849	7241.000
77302.898	7240.000
77302.947	7239.000
77302.996	7238.000
77303.045	7237.000
77303.094	7235.000
77303.143	7234.000
77303.192	7233.000
77303.241	7232.000
77303.290	7231.000
77303.339	7230.000
77303.388	7229.000
77303.437	7227.000
77303.486	7226.000
77303.535	7225.000
77303.584	7224.000
77303.633	7223.000
77303.682	7222.000
77303.731	7221.000
77303.780	7220.000
77303.829	7218.000
77303.878	7217.000
77303.927	7216.000
77303.976	7215.000
77304.025	7214.000
77304.074	7213.000
77304.122	7212.000
77304.171	7210.000
77304.220	7209.000
77304.269	7208.000
77304.318	7207.000
77304.367	7206.000
77304.416	7205.000
77304.465	7204.000
77304.514	7203.000
77304.563	7201.000
77304.612	7200.000
77304.661	7199.000
77304.710	7198.000
77304.759	7197.000
77304.808	7196.000
77304.857	7195.000
77304.906	7193.000
77304.955	7192.000
77305.004	7191.000
77305.053	7190.000
77305.102	7189.000
77305.151	7188.000
77305.200	7187.000
77305.249	7186.000
77305.298	7184.000
77305.347	7183.000
77305.396	7182.000
77305.445	7181.000
77305.494	7180.000
77305.543	7179.000
77305.592	7178.000
77305.641	7176.000
77305.690	7175.000
77305.739	7174.000
77305.788	7173.000
77305.837	7172.000
77305.886	7171.000
77305.934	7170.000
77305.983	7169.000
77306.032	7167.000
77306.081	7166.000
77306.130	7165.000
77306.179	7164.000
77306.228	7163.000
77306.277	7162.000
77306.326	7161.000
77306.375	7159.000
77306.424	7158.000
77306.473	7157.000
77306.522	7156.000
77306.571	7155.000
77306.620	7154.000
77306.669	7153.000
77306.718	7152.000
77306.767	7150.000
77306.816	7149.000
77306.865	7148.000
77306.914	7147.000
77306.963	7146.000
77307.012	7145.000
77307.061	7144.000
77307.110	7142.000
77307.159	7141.000
77307.208	7140.000
77307.257	7139.000
77307.306	7138.000
77307.355	7137.000
77307.404	7136.000
77307.453	7135.000
77307.502	7133.000
77307.551	7132.000
77307.600	7131.000
77307.649	7130.000
77307.698	7129.000
77307.747	7128.000
77307.795	7127.000
77307.844	7126.000
77307.893	7124.000
77307.942	7123.000
77307.991	7122.000
77308.040	7121.000
77308.089	7120.000
77308.138	7119.000
77308.187	7118.000
77308.236	7116.000
77308.285	7115.000
77308.334	7114.000
77308.383	7113.000
77308.432	7112.000
77308.481	7111.000
77308.530	7110.000
77308.579	7109.000
77308.628	7107.000
77308.677	7106.000
77308.726	7105.000
77308.775	7104.000
77308.824	7103.000
77308.873	7102.000
77308.922	7101.000
77308.971	7100.000
77309.020	7098.000
77309.069	7097.000
77309.118	7096.000
77309.167	7095.000
77309.216	7094.000
77309.265	7093.000
77309.314	7092.000
77309.363	7090.000
77309.412	7089.000
77309.461	7088.000
77309.510	7087.000
77309.559	7086.000
77309.607	7085.000
77309.656	7084.000
77309.705	7083.000
77309.754	7081.000
77309.803	7080.000
77309.852	7079.000
77309.901	7078.000
77309.950	7077.000
77309.999	7076.000
77310.048	7075.000
77310.097	7073.000
77310.146	7072.000
77310.195	7071.000
77310.244	7070.000
77310.293	7069.000
77310.342	7068.000
77310.391	7067.000
77310.440	7066.000
77310.489	7064.000
77310.538	7063.000
77310.587	7062.000
77310.636	7061.000
77310.685	7060.000
77310.734	7059.000
77310.783	7058.000
77310.832	7057.000
77310.881	7055.000
77310.930	7054.000
77310.979	7053.000
77311.028	7052.000
77311.077	7051.000
77311.126	7050.000
77311.175	7049.000
77311.224	7048.000
77311.273	7046.000
77311.322	7045.000
77311.371	7044.000
77311.419	7043.000
77311.468	7042.000
77311.517	7041.000
77311.566	7040.000
77311.615	7038.000
77311.664	7037.000
77311.713	7036.000
77311.762	7035.000
77311.811	7034.000
77311.860	7033.000
77311.909	7032.000
77311.958	7031.000
77312.007	7029.000
77312.056	7028.000
77312.105	7027.000
77312.154	7026.000
77312.203	7025.000
77312.252	7024.000
77312.301	7023.000
77312.350	7022.000
77312.399	7020.000
77312.448	7019.000
77312.497	7018.000
77312.546	7017.000
77312.595	7016.000
77312.644	7015.000
77312.693	7014.000
77312.742	7012.000
77312.791	7011.000
77312.840	7010.000
77312.889	7009.000
77312.938	7008.000
77312.987	7007.000
77313.036	7006.000
77313.085	7005.000
77313.134	7003.000
77313.183	7002.000
77313.231	7001.000
77313.280	7000.000
77313.329	6999.000
77313.378	6998.000
77313.427	6997.000
77313.476	6996.000
77313.525	6994.000
77313.574	6993.000
77313.623	6992.000
77313.672	6991.000
77313.721	6990.000
77313.770	6989.000
77313.819	6988.000
77313.868	6987.000
77313.917	6985.000
77313.966	6984.000
77314.015	6983.000
77314.064	6982.000
77314.113	6981.000
77314.162	6980.000
77314.211	6979.000
77314.260	6977.000
77314.309	6976.000
77314.358	6975.000
77314.407	6974.000
77314.456	6973.000
77314.505	6972.000
77314.554	6971.000
77314.603	6970.000
77314.652	6968.000
77314.701	6967.000
77314.750	6966.000
77314.799	6965.000
77314.848	6964.000
77314.897	6963.000
77314.946	6962.000
77314.995	6961.000
77315.043	6959.000
77315.092	6958.000
77315.141	6957.000
77315.190	6956.000
77315.239	6955.000
77315.288	6954.000
77315.337	6953.000
77315.386	6952.000
77315.435	6950.000
77315.484	6949.000
77315.533	6948.000
77315.582	6947.000
77315.631	6946.000
77315.680	6945.000
77315.729	6944.000
77315.778	6942.000
77315.827	6941.000
77315.876	6940.000
77315.925	6939.000
77315.974	6938.000
77316.023	6937.000
77316.072	6936.000
77316.121	6935.000
77316.170	6933.000
77316.219	6932.000
77316.268	6931.000
77316.317	6930.000
77316.366	6929.000
77316.415	6928.000
77316.464	6927.000
77316.513	6926.000
77316.562	6924.000
77316.611	6923.000
77316.660	6922.000
77316.709	6921.000
77316.758	6920.000
77316.807	6919.000
77316.855	6918.000
77316.904	6917.000
77316.953	6915.000
77317.002	6914.000
77317.051	6913.000
77317.100	6912.000
77317.149	6911.000
77317.198	6910.000
77317.247	6909.000
77317.296	6908.000
77317.345	6906.000
77317.394	6905.000
77317.443	6904.000
77317.492	6903.000
77317.541	6902.000
77317.590	6901.000
77317.639	6900.000
77317.688	6899.000
77317.737	6897.000
77317.786	6896.000
77317.835	6895.000
77317.884	6894.000
77317.933	6893.000
77317.982	6892.000
77318.031	6891.000
77318.080	6889.000
77318.129	6888.000
77318.178	6887.000
77318.227	6886.000
77318.276	6885.000
77318.325	6884.000
77318.374	6883.000
77318.423	6882.000
77318.472	6880.000
77318.521	6879.000
77318.570	6878.000
77318.619	6877.000
77318.668	6876.000
77318.716	6875.000
77318.765	6874.000
77318.814	6873.000
77318.863	6871.000
77318.912	6870.000
77318.961	6869.000
77319.010	6868.000
77319.059	6867.000
77319.108	6866.000
77319.157	6865.000
77319.206	6864.000
77319.255	6862.000
77319.304	6861.000
77319.353	6860.000
77319.402	6859.000
77319.451	6858.000
77319.500	6857.000
77319.549	6856.000
77319.598	6855.000
77319.647	6853.000
77319.696	6852.000
77319.745	6851.000
77319.794	6850.000
77319.843	6849.000
77319.892	6848.000
77319.941	6847.000
77319.990	6846.000
77320.039	6844.000
77320.088	6843.000
77320.137	6842.000
77320.186	6841.000
77320.235	6840.000
77320.284	6839.000
77320.333	6838.000
77320.382	6837.000
77320.431	6835.000
77320.480	6834.000
77320.528	6833.000
77320.577	6832.000
77320.626	6831.000
77320.675	6830.000
77320.724	6829.000
77320.773	6828.000
77320.822	6826.000
77320.871	6825.000
77320.920	6824.000
77320.969	6823.000
77321.018	6822.000
77321.067	6821.000
77321.116	6820.000
77321.165	6819.000
77321.214	6817.000
77321.263	6816.000
77321.312	6815.000
77321.361	6814.000
77321.410	6813.000
77321.459	6812.000
77321.508	6811.000
77321.557	6809.000
77321.606	6808.000
77321.655	6807.000
77321.704	6806.000
77321.753	6805.000
77321.802	6804.000
77321.851	6803.000
77321.900	6802.000
77321.949	6800.000
77321.998	6799.000
77322.047	6798.000
77322.096	6797.000
77322.145	6796.000
77322.194	6795.000
77322.243	6794.000
77322.292	6793.000
77322.340	6791.000
77322.389	6790.000
77322.438	6789.000
77322.487	6788.000
77322.536	6787.000
77322.585	6786.000
77322.634	6785.000
77322.683	6784.000
77322.732	6782.000
77322.781	6781.000
77322.830	6780.000
77322.879	6779.000
77322.928	6778.000
77322.977	6777.000
77323.026	6776.000
77323.075	6775.000
77323.124	6773.000
77323.173	6772.000
77323.222	6771.000
77323.271	6770.000
77323.320	6769.000
77323.369	6768.000
77323.418	6767.000
77323.467	6766.000
77323.516	6764.000
77323.565	6763.000
77323.614	6762.000
77323.663	6761.000
77323.712	6760.000
77323.761	6759.000
77323.810	6758.000
77323.859	6757.000
77323.908	6755.000
77323.957	6754.000
77324.006	6753.000
77324.055	6752.000
77324.104	6751.000
77324.152	6750.000
77324.201	6749.000
77324.250	6748.000
77324.299	6746.000
77324.348	6745.000
77324.397	6744.000
77324.446	6743.000
77324.495	6742.000
77324.544	6741.000
77324.593	6740.000
77324.642	6739.000
77324.691	6737.000
77324.740	6736.000
77324.789	6735.000
77324.838	6734.000
77324.887	6733.000
77324.936	6732.000
77324.985	6731.000
77325.034	6730.000
77325.083	6728.000
77325.132	6727.000
77325.181	6726.000
77325.230	6725.000
77325.279	6724.000
77325.328	6723.000
77325.377	6722.000
77325.426	6721.000
77325.475	6719.000
77325.524	6718.000
77325.573	6717.000
77325.622	6716.000
77325.671	6715.000
77325.720	6714.000
77325.769	6713.000
77325.818	6712.000
77325.867	6710.000
77325.916	6709.000
77325.964	6708.000
77326.013	6707.000
77326.062	6706.000
77326.111	6705.000
77326.160	6704.000
77326.209	6703.000
77326.258	6701.000
77326.307	6700.000
77326.356	6699.000
77326.405	6698.000
77326.454	6697.000
77326.503	6696.000
77326.552	6695.000
77326.601	6694.000
77326.650	6693.000
77326.699	6691.000
77326.748	6690.000
77326.797	6689.000
77326.846	6688.000
77326.895	6687.000
77326.944	6686.000
77326.993	6685.000
77327.042	6684.000
77327.091	6682.000
77327.140	6681.000
77327.189	6680.000
77327.238	6679.000
77327.287	6678.000
77327.336	6677.000
77327.385	6676.000
77327.434	6675.000
77327.483	6673.000
77327.532	6672.000
77327.581	6671.000
77327.630	6670.000
77327.679	6669.000
77327.728	6668.000
77327.776	6667.000
77327.825	6666.000
77327.874	6664.000
77327.923	6663.000
77327.972	6662.000
77328.021	6661.000
77328.070	6660.000
77328.119	6659.000
77328.168	6658.000
77328.217	6657.000
77328.266	6655.000
77328.315	6654.000
77328.364	6653.000
77328.413	6652.000
77328.462	6651.000
77328.511	6650.000
77328.560	6649.000
77328.609	6648.000
77328.658	6646.000
77328.707	6645.000
77328.756	6644.000
77328.805	6643.000
77328.854	6642.000
77328.903	6641.000
77328.952	6640.000
77329.001	6639.000
77329.050	6637.000
77329.099	6636.000
77329.148	6635.000
77329.197	6634.000
77329.246	6633.000
77329.295	6632.000
77329.344	6631.000
77329.393	6630.000
77329.442	6628.000
77329.491	6627.000
77329.540	6626.000
77329.588	6625.000
77329.637	6624.000
77329.686	6623.000
77329.735	6622.000
77329.784	6621.000
77329.833	6619.000
77329.882	6618.000
77329.931	6617.000
77329.980	6616.000
77330.029	6615.000
77330.078	6614.000
77330.127	6613.000
77330.176	6612.000
77330.225	6611.000
77330.274	6609.000
77330.323	6608.000
77330.372	6607.000
77330.421	6606.000
77330.470	6605.000
77330.519	6604.000
77330.568	6603.000
77330.617	6602.000
77330.666	6600.000
77330.715	6599.000
77330.764	6598.000
77330.813	6597.000
77330.862	6596.000
77330.911	6595.000
77330.960	6594.000
77331.009	6593.000
77331.058	6591.000
77331.107	6590.000
77331.156	6589.000
77331.205	6588.000
77331.254	6587.000
77331.303	6586.000
77331.352	6585.000
77331.401	6584.000
77331.449	6582.000
77331.498	6581.000
77331.547	6580.000
77331.596	6579.000
77331.645	6578.000
77331.694	6577.000
77331.743	6576.000
77331.792	6575.000
77331.841	6573.000
77331.890	6572.000
77331.939	6571.000
77331.988	6570.000
77332.037	6569.000
77332.086	6568.000
77332.135	6567.000
77332.184	6566.000
77332.233	6564.000
77332.282	6563.000
77332.331	6562.000
77332.380	6561.000
77332.429	6560.000
77332.478	6559.000
77332.527	6558.000
77332.576	6557.000
77332.625	6556.000
77332.674	6554.000
77332.723	6553.000
77332.772	6552.000
77332.821	6551.000
77332.870	6550.000
77332.919	6549.000
77332.968	6548.000
77333.017	6547.000
77333.066	6545.000
77333.115	6544.000
77333.164	6543.000
77333.213	6542.000
77333.261	6541.000
77333.310	6540.000
77333.359	6539.000
77333.408	6538.000
77333.457	6536.000
77333.506	6535.000
77333.555	6534.000
77333.604	6533.000
77333.653	6532.000
77333.702	6531.000
77333.751	6530.000
77333.800	6529.000
77333.849	6527.000
77333.898	6526.000
77333.947	6525.000
77333.996	6524.000
77334.045	6523.000
77334.094	6522.000
77334.143	6521.000
77334.192	6520.000
77334.241	6519.000
77334.290	6517.000
77334.339	6516.000
77334.388	6515.000
77334.437	6514.000
77334.486	6513.000
77334.535	6512.000
77334.584	6511.000
77334.633	6510.000
77334.682	6508.000
77334.731	6507.000
77334.780	6506.000
77334.829	6505.000
77334.878	6504.000
77334.927	6503.000
77334.976	6502.000
77335.025	6501.000
77335.073	6499.000
77335.122	6498.000
77335.171	6497.000
77335.220	6496.000
77335.269	6495.000
77335.318	6494.000
77335.367	6493.000
77335.416	6492.000
77335.465	6491.000
77335.514	6489.000
77335.563	6488.000
77335.612	6487.000
77335.661	6486.000
77335.710	6485.000
77335.759	6484.000
77335.808	6483.000
77335.857	6482.000
77335.906	6480.000
77335.955	6479.000
77336.004	6478.000
77336.053	6477.000
77336.102	6476.000
77336.151	6475.000
77336.200	6474.000
77336.249	6473.000
77336.298	6471.000
77336.347	6470.000
77336.396	6469.000
77336.445	6468.000
77336.494	6467.000
77336.543	6466.000
77336.592	6465.000
77336.641	6464.000
77336.690	6462.000
77336.739	6461.000
77336.788	6460.000
77336.837	6459.000
77336.885	6458.000
77336.934	6457.000
77336.983	6456.000
77337.032	6455.000
77337.081	6454.000
77337.130	6452.000
77337.179	6451.000
77337.228	6450.000
77337.277	6449.000
77337.326	6448.000
77337.375	6447.000
77337.424	6446.000
77337.473	6445.000
77337.522	6443.000
77337.571	6442.000
77337.620	6441.000
77337.669	6440.000
77337.718	6439.000
77337.767	6438.000
77337.816	6437.000
77337.865	6436.000
77337.914	6435.000
77337.963	6433.000
77338.012	6432.000
77338.061	6431.000
77338.110	6430.000
77338.159	6429.000
77338.208	6428.000
77338.257	6427.000
77338.306	6426.000
77338.355	6424.000
77338.404	6423.000
77338.453	6422.000
77338.502	6421.000
77338.551	6420.000
77338.600	6419.000
77338.649	6418.000
77338.697	6417.000
77338.746	6415.000
77338.795	6414.000
77338.844	6413.000
77338.893	6412.000
77338.942	6411.000
77338.991	6410.000
77339.040	6409.000
77339.089	6408.000
77339.138	6407.000
77339.187	6405.000
77339.236	6404.000
77339.285	6403.000
77339.334	6402.000
77339.383	6401.000
77339.432	6400.000
77339.481	6399.000
77339.530	6398.000
77339.579	6396.000
77339.628	6395.000
77339.677	6394.000
77339.726	6393.000
77339.775	6392.000
77339.824	6391.000
77339.873	6390.000
77339.922	6389.000
77339.971	6388.000
77340.020	6386.000
77340.069	6385.000
77340.118	6384.000
77340.167	6383.000
77340.216	6382.000
77340.265	6381.000
77340.314	6380.000
77340.363	6379.000
77340.412	6377.000
77340.461	6376.000
77340.509	6375.000
77340.558	6374.000
77340.607	6373.000
77340.656	6372.000
77340.705	6371.000
77340.754	6370.000
77340.803	6368.000
77340.852	6367.000
77340.901	6366.000
77340.950	6365.000
77340.999	6364.000
77341.048	6363.000
77341.097	6362.000
77341.146	6361.000
77341.195	6360.000
77341.244	6358.000
77341.293	6357.000
77341.342	6356.000
77341.391	6355.000
77341.440	6354.000
77341.489	6353.000
77341.538	6352.000
77341.587	6351.000
77341.636	6349.000
77341.685	6348.000
77341.734	6347.000
77341.783	6346.000
77341.832	6345.000
77341.881	6344.000
77341.930	6343.000
77341.979	6342.000
77342.028	6341.000
77342.077	6339.000
77342.126	6338.000
77342.175	6337.000
77342.224	6336.000
77342.273	6335.000
77342.322	6334.000
77342.370	6333.000
77342.419	6332.000
77342.468	6330.000
77342.517	6329.000
77342.566	6328.000
77342.615	6327.000
77342.664	6326.000
77342.713	6325.000
77342.762	6324.000
77342.811	6323.000
77342.860	6322.000
77342.909	6320.000
77342.958	6319.000
77343.007	6318.000
77343.056	6317.000
77343.105	6316.000
77343.154	6315.000
77343.203	6314.000
77343.252	6313.000
77343.301	6311.000
77343.350	6310.000
77343.399	6309.000
77343.448	6308.000
77343.497	6307.000
77343.546	6306.000
77343.595	6305.000
77343.644	6304.000
77343.693	6303.000
77343.742	6301.000
77343.791	6300.000
77343.840	6299.000
77343.889	6298.000
77343.938	6297.000
77343.987	6296.000
77344.036	6295.000
77344.085	6294.000
77344.134	6292.000
77344.182	6291.000
77344.231	6290.000
77344.280	6289.000
77344.329	6288.000
77344.378	6287.000
77344.427	6286.000
77344.476	6285.000
77344.525	6284.000
77344.574	6282.000
77344.623	6281.000
77344.672	6280.000
77344.721	6279.000
77344.770	6278.000
77344.819	6277.000
77344.868	6276.000
77344.917	6275.000
77344.966	6273.000
77345.015	6272.000
77345.064	6271.000
77345.113	6270.000
77345.162	6269.000
77345.211	6268.000
77345.260	6267.000
77345.309	6266.000
77345.358	6265.000
77345.407	6263.000
77345.456	6262.000
77345.505	6261.000
77345.554	6260.000
77345.603	6259.000
77345.652	6258.000
77345.701	6257.000
77345.750	6256.000
77345.799	6255.000
77345.848	6253.000
77345.897	6252.000
77345.946	6251.000
77345.994	6250.000
77346.043	6249.000
77346.092	6248.000
77346.141	6247.000
77346.190	6246.000
77346.239	6244.000
77346.288	6243.000
77346.337	6242.000
77346.386	6241.000
77346.435	6240.000
77346.484	6239.000
77346.533	6238.000
77346.582	6237.000
77346.631	6236.000
77346.680	6234.000
77346.729	6233.000
77346.778	6232.000
77346.827	6231.000
77346.876	6230.000
77346.925	6229.000
77346.974	6228.000
77347.023	6227.000
77347.072	6225.000
77347.121	6224.000
77347.170	6223.000
77347.219	6222.000
77347.268	6221.000
77347.317	6220.000
77347.366	6219.000
77347.415	6218.000
77347.464	6217.000
77347.513	6215.000
77347.562	6214.000
77347.611	6213.000
77347.660	6212.000
77347.709	6211.000
77347.758	6210.000
77347.806	6209.000
77347.855	6208.000
77347.904	6207.000
77347.953	6205.000
77348.002	6204.000
77348.051	6203.000
77348.100	6202.000
77348.149	6201.000
77348.198	6200.000
77348.247	6199.000
77348.296	6198.000
77348.345	6196.000
77348.394	6195.000
77348.443	6194.000
77348.492	6193.000
77348.541	6192.000
77348.590	6191.000
77348.639	6190.000
77348.688	6189.000
77348.737	6188.000
77348.786	6186.000
77348.835	6185.000
77348.884	6184.000
77348.933	6183.000
77348.982	6182.000
77349.031	6181.000
77349.080	6180.000
77349.129	6179.000
77349.178	6178.000
77349.227	6176.000
77349.276	6175.000
77349.325	6174.000
77349.374	6173.000
77349.423	6172.000
77349.472	6171.000
77349.521	6170.000
77349.570	6169.000
77349.618	6167.000
77349.667	6166.000
77349.716	6165.000
77349.765	6164.000
77349.814	6163.000
77349.863	6162.000
77349.912	6161.000
77349.961	6160.000
77350.010	6159.000
77350.059	6157.000
77350.108	6156.000
77350.157	6155.000
77350.206	6154.000
77350.255	6153.000
77350.304	6152.000
77350.353	6151.000
77350.402	6150.000
77350.451	6149.000
77350.500	6147.000
77350.549	6146.000
77350.598	6145.000
77350.647	6144.000
77350.696	6143.000
77350.745	6142.000
77350.794	6141.000
77350.843	6140.000
77350.892	6139.000
77350.941	6137.000
77350.990	6136.000
77351.039	6135.000
77351.088	6134.000
77351.137	6133.000
77351.186	6132.000
77351.235	6131.000
77351.284	6130.000
77351.333	6128.000
77351.382	6127.000
77351.430	6126.000
77351.479	6125.000
77351.528	6124.000
77351.577	6123.000
77351.626	6122.000
77351.675	6121.000
77351.724	6120.000
77351.773	6118.000
77351.822	6117.000
77351.871	6116.000
77351.920	6115.000
77351.969	6114.000
77352.018	6113.000
77352.067	6112.000
77352.116	6111.000
77352.165	6110.000
77352.214	6108.000
77352.263	6107.000
77352.312	6106.000
77352.361	6105.000
77352.410	6104.000
77352.459	6103.000
77352.508	6102.000
77352.557	6101.000
77352.606	6100.000
77352.655	6098.000
77352.704	6097.000
77352.753	6096.000
77352.802	6095.000
77352.851	6094.000
77352.900	6093.000
77352.949	6092.000
77352.998	6091.000
77353.047	6089.000
77353.096	6088.000
77353.145	6087.000
77353.194	6086.000
77353.243	6085.000
77353.291	6084.000
77353.340	6083.000
77353.389	6082.000
77353.438	6081.000
77353.487	6079.000
77353.536	6078.000
77353.585	6077.000
77353.634	6076.000
77353.683	6075.000
77353.732	6074.000
77353.781	6073.000
77353.830	6072.000
77353.879	6071.000
77353.928	6069.000
77353.977	6068.000
77354.026	6067.000
77354.075	6066.000
77354.124	6065.000
77354.173	6064.000
77354.222	6063.000
77354.271	6062.000
77354.320	6061.000
77354.369	6059.000
77354.418	6058.000
77354.467	6057.000
77354.516	6056.000
77354.565	6055.000
77354.614	6054.000
77354.663	6053.000
77354.712	6052.000
77354.761	6051.000
77354.810	6049.000
77354.859	6048.000
77354.908	6047.000
77354.957	6046.000
77355.006	6045.000
77355.055	6044.000
77355.103	6043.000
77355.152	6042.000
77355.201	6041.000
77355.250	6039.000
77355.299	6038.000
77355.348	6037.000
77355.397	6036.000
77355.446	6035.000
77355.495	6034.000
77355.544	6033.000
77355.593	6032.000
77355.642	6030.000
77355.691	6029.000
77355.740	6028.000
77355.789	6027.000
77355.838	6026.000
77355.887	6025.000
77355.936	6024.000
77355.985	6023.000
77356.034	6022.000
77356.083	6020.000
77356.132	6019.000
77356.181	6018.000
77356.230	6017.000
77356.279	6016.000
77356.328	6015.000
77356.377	6014.000
77356.426	6013.000
77356.475	6012.000
77356.524	6010.000
77356.573	6009.000
77356.622	6008.000
77356.671	6007.000
77356.720	6006.000
77356.769	6005.000
77356.818	6004.000
77356.867	6003.000
77356.915	6002.000
77356.964	6000.000
77357.013	5999.000
77357.062	5998.000
77357.111	5997.000
77357.160	5996.000
77357.209	5995.000
77357.258	5994.000
77357.307	5993.000
77357.356	5992.000
77357.405	5990.000
77357.454	5989.000
77357.503	5988.000
77357.552	5987.000
77357.601	5986.000
77357.650	5985.000
77357.699	5984.000
77357.748	5983.000
77357.797	5982.000
77357.846	5980.000
77357.895	5979.000
77357.944	5978.000
77357.993	5977.000
77358.042	5976.000
77358.091	5975.000
77358.140	5974.000
77358.189	5973.000
77358.238	5972.000
77358.287	5970.000
77358.336	5969.000
77358.385	5968.000
77358.434	5967.000
77358.483	5966.000
77358.532	5965.000
77358.581	5964.000
77358.630	5963.000
77358.679	5962.000
77358.727	5960.000
77358.776	5959.000
77358.825	5958.000
77358.874	5957.000
77358.923	5956.000
77358.972	5955.000
77359.021	5954.000
77359.070	5953.000
77359.119	5952.000
77359.168	5950.000
77359.217	5949.000
77359.266	5948.000
77359.315	5947.000
77359.364	5946.000
77359.413	5945.000
77359.462	5944.000
77359.511	5943.000
77359.560	5942.000
77359.609	5940.000
77359.658	5939.000
77359.707	5938.000
77359.756	5937.000
77359.805	5936.000
77359.854	5935.000
77359.903	5934.000
77359.952	5933.000
77360.001	5932.000
77360.050	5930.000
77360.099	5929.000
77360.148	5928.000
77360.197	5927.000
77360.246	5926.000
77360.295	5925.000
77360.344	5924.000
77360.393	5923.000
77360.442	5922.000
77360.491	5920.000
77360.539	5919.000
77360.588	5918.000
77360.637	5917.000
77360.686	5916.000
77360.735	5915.000
77360.784	5914.000
77360.833	5913.000
77360.882	5912.000
77360.931	5910.000
77360.980	5909.000
77361.029	5908.000
77361.078	5907.000
77361.127	5906.000
77361.176	5905.000
77361.225	5904.000
77361.274	5903.000
77361.323	5902.000
77361.372	5900.000
77361.421	5899.000
77361.470	5898.000
77361.519	5897.000
77361.568	5896.000
77361.617	5895.000
77361.666	5894.000
77361.715	5893.000
77361.764	5892.000
77361.813	5890.000
77361.862	5889.000
77361.911	5888.000
77361.960	5887.000
77362.009	5886.000
77362.058	5885.000
77362.107	5884.000
77362.156	5883.000
77362.205	5882.000
77362.254	5880.000
77362.303	5879.000
77362.351	5878.000
77362.400	5877.000
77362.449	5876.000
77362.498	5875.000
77362.547	5874.000
77362.596	5873.000
77362.645	5872.000
77362.694	5870.000
77362.743	5869.000
77362.792	5868.000
77362.841	5867.000
77362.890	5866.000
77362.939	5865.000
77362.988	5864.000
77363.037	5863.000
77363.086	5862.000
77363.135	5860.000
77363.184	5859.000
77363.233	5858.000
77363.282	5857.000
77363.331	5856.000
77363.380	5855.000
77363.429	5854.000
77363.478	5853.000
77363.527	5852.000
77363.576	5851.000
77363.625	5849.000
77363.674	5848.000
77363.723	5847.000
77363.772	5846.000
77363.821	5845.000
77363.870	5844.000
77363.919	5843.000
77363.968	5842.000
77364.017	5841.000
77364.066	5839.000
77364.115	5838.000
77364.163	5837.000
77364.212	5836.000
77364.261	5835.000
77364.310	5834.000
77364.359	5833.000
77364.408	5832.000
77364.457	5831.000
77364.506	5829.000
77364.555	5828.000
77364.604	5827.000
77364.653	5826.000
77364.702	5825.000
77364.751	5824.000
77364.800	5823.000
77364.849	5822.000
77364.898	5821.000
77364.947	5819.000
77364.996	5818.000
77365.045	5817.000
77365.094	5816.000
77365.143	5815.000
77365.192	5814.000
77365.241	5813.000
77365.290	5812.000
77365.339	5811.000
77365.388	5809.000
77365.437	5808.000
77365.486	5807.000
77365.535	5806.000
77365.584	5805.000
77365.633	5804.000
77365.682	5803.000
77365.731	5802.000
77365.780	5801.000
77365.829	5799.000
77365.878	5798.000
77365.927	5797.000
77365.976	5796.000
77366.024	5795.000
77366.073	5794.000
77366.122	5793.000
77366.171	5792.000
77366.220	5791.000
77366.269	5790.000
77366.318	5788.000
77366.367	5787.000
77366.416	5786.000
77366.465	5785.000
77366.514	5784.000
77366.563	5783.000
77366.612	5782.000
77366.661	5781.000
77366.710	5780.000
77366.759	5778.000
77366.808	5777.000
77366.857	5776.000
77366.906	5775.000
77366.955	5774.000
77367.004	5773.000
77367.053	5772.000
77367.102	5771.000
77367.151	5770.000
77367.200	5768.000
77367.249	5767.000
77367.298	5766.000
77367.347	5765.000
77367.396	5764.000
77367.445	5763.000
77367.494	5762.000
77367.543	5761.000
77367.592	5760.000
77367.641	5758.000
77367.690	5757.000
77367.739	5756.000
77367.788	5755.000
77367.836	5754.000
77367.885	5753.000
77367.934	5752.000
77367.983	5751.000
77368.032	5750.000
77368.081	5749.000
77368.130	5747.000
77368.179	5746.000
77368.228	5745.000
77368.277	5744.000
77368.326	5743.000
77368.375	5742.000
77368.424	5741.000
77368.473	5740.000
77368.522	5739.000
77368.571	5737.000
77368.620	5736.000
77368.669	5735.000
77368.718	5734.000
77368.767	5733.000
77368.816	5732.000
77368.865	5731.000
77368.914	5730.000
77368.963	5729.000
77369.012	5727.000
77369.061	5726.000
77369.110	5725.000
77369.159	5724.000
77369.208	5723.000
77369.257	5722.000
77369.306	5721.000
77369.355	5720.000
77369.404	5719.000
77369.453	5717.000
77369.502	5716.000
77369.551	5715.000
77369.600	5714.000
77369.648	5713.000
77369.697	5712.000
77369.746	5711.000
77369.795	5710.000
77369.844	5709.000
77369.893	5708.000
77369.942	5706.000
77369.991	5705.000
77370.040	5704.000
77370.089	5703.000
77370.138	5702.000
77370.187	5701.000
77370.236	5700.000
77370.285	5699.000
77370.334	5698.000
77370.383	5696.000
77370.432	5695.000
77370.481	5694.000
77370.530	5693.000
77370.579	5692.000
77370.628	5691.000
77370.677	5690.000
77370.726	5689.000
77370.775	5688.000
77370.824	5686.000
77370.873	5685.000
77370.922	5684.000
77370.971	5683.000
77371.020	5682.000
77371.069	5681.000
77371.118	5680.000
77371.167	5679.000
77371.216	5678.000
77371.265	5677.000
77371.314	5675.000
77371.363	5674.000
77371.412	5673.000
77371.460	5672.000
77371.509	5671.000
77371.558	5670.000
77371.607	5669.000
77371.656	5668.000
77371.705	5667.000
77371.754	5665.000
77371.803	5664.000
77371.852	5663.000
77371.901	5662.000
77371.950	5661.000
77371.999	5660.000
77372.048	5659.000
77372.097	5658.000
77372.146	5657.000
77372.195	5656.000
77372.244	5654.000
77372.293	5653.000
77372.342	5652.000
77372.391	5651.000
77372.440	5650.000
77372.489	5649.000
77372.538	5648.000
77372.587	5647.000
77372.636	5646.000
77372.685	5644.000
77372.734	5643.000
77372.783	5642.000
77372.832	5641.000
77372.881	5640.000
77372.930	5639.000
77372.979	5638.000
77373.028	5637.000
77373.077	5636.000
77373.126	5634.000
77373.175	5633.000
77373.224	5632.000
77373.272	5631.000
77373.321	5630.000
77373.370	5629.000
77373.419	5628.000
77373.468	5627.000
77373.517	5626.000
77373.566	5625.000
77373.615	5623.000
77373.664	5622.000
77373.713	5621.000
77373.762	5620.000
77373.811	5619.000
77373.860	5618.000
77373.909	5617.000
77373.958	5616.000
77374.007	5615.000
77374.056	5613.000
77374.105	5612.000
77374.154	5611.000
77374.203	5610.000
77374.252	5609.000
77374.301	5608.000
77374.350	5607.000
77374.399	5606.000
77374.448	5605.000
77374.497	5604.000
77374.546	5602.000
77374.595	5601.000
77374.644	5600.000
77374.693	5599.000
77374.742	5598.000
77374.791	5597.000
77374.840	5596.000
77374.889	5595.000
77374.938	5594.000
77374.987	5592.000
77375.036	5591.000
77375.084	5590.000
77375.133	5589.000
77375.182	5588.000
77375.231	5587.000
77375.280	5586.000
77375.329	5585.000
77375.378	5584.000
77375.427	5583.000
77375.476	5581.000
77375.525	5580.000
77375.574	5579.000
77375.623	5578.000
77375.672	5577.000
77375.721	5576.000
77375.770	5575.000
77375.819	5574.000
77375.868	5573.000
77375.917	5571.000
77375.966	5570.000
77376.015	5569.000
77376.064	5568.000
77376.113	5567.000
77376.162	5566.000
77376.211	5565.000
77376.260	5564.000
77376.309	5563.000
77376.358	5562.000
77376.407	5560.000
77376.456	5559.000
77376.505	5558.000
77376.554	5557.000
77376.603	5556.000
77376.652	5555.000
77376.701	5554.000
77376.750	5553.000
77376.799	5552.000
77376.848	5550.000
77376.897	5549.000
77376.945	5548.000
77376.994	5547.000
77377.043	5546.000
77377.092	5545.000
77377.141	5544.000
77377.190	5543.000
77377.239	5542.000
77377.288	5541.000
77377.337	5539.000
77377.386	5538.000
77377.435	5537.000
77377.484	5536.000
77377.533	5535.000
77377.582	5534.000
77377.631	5533.000
77377.680	5532.000
77377.729	5531.000
77377.778	5530.000
77377.827	5528.000
77377.876	5527.000
77377.925	5526.000
77377.974	5525.000
77378.023	5524.000
77378.072	5523.000
77378.121	5522.000
77378.170	5521.000
77378.219	5520.000
77378.268	5518.000
77378.317	5517.000
77378.366	5516.000
77378.415	5515.000
77378.464	5514.000
77378.513	5513.000
77378.562	5512.000
77378.611	5511.000
77378.660	5510.000
77378.709	5509.000
77378.757	5507.000
77378.806	5506.000
77378.855	5505.000
77378.904	5504.000
77378.953	5503.000
77379.002	5502.000
77379.051	5501.000
77379.100	5500.000
77384.000	5400.000
